[1 4]
[1 9]
[10 1]
[10 3]
[10 4]
[10 5]
[100 6]
[100 8]
[101 7]
[101 8]
[102 5]
[102 7]
[102 9]
[103 12]
[103 3]
[103 6]
[103 9]
[104 10]
[104 11]
[104 4]
[104 8]
[104 9]
[105 10]
[105 11]
[105 13]
[105 1]
[105 6]
[106 10]
[106 12]
[106 13]
[106 1]
[106 2]
[106 4]
[106 7]
[107 13]
[107 8]
[108 12]
[108 5]
[108 9]
[109 11]
[109 8]
[109 9]
[11 11]
[11 3]
[11 5]
[11 9]
[110 11]
[110 2]
[110 3]
[110 7]
[110 8]
[110 9]
[111 12]
[111 5]
[111 7]
[112 10]
[112 12]
[112 2]
[112 5]
[112 6]
[112 7]
[112 8]
[113 13]
[113 1]
[113 3]
[114 3]
[114 5]
[114 8]
[115 11]
[115 3]
[115 8]
[116 10]
[116 11]
[116 12]
[116 2]
[116 6]
[116 7]
[116 9]
[117 6]
[117 7]
[118 12]
[118 3]
[118 6]
[119 11]
[119 12]
[119 1]
[119 2]
[119 6]
[119 7]
[119 9]
[12 12]
[12 3]
[12 5]
[12 9]
[120 1]
[120 4]
[120 9]
[121 10]
[121 2]
[121 3]
[121 4]
[121 7]
[122 10]
[122 11]
[122 1]
[122 2]
[122 6]
[122 7]
[122 9]
[123 13]
[123 1]
[123 6]
[123 7]
[124 10]
[124 12]
[124 5]
[124 6]
[124 7]
[124 9]
[125 10]
[125 12]
[126 11]
[126 12]
[126 13]
[126 9]
[127 11]
[127 13]
[127 3]
[127 4]
[127 6]
[128 13]
[128 7]
[128 8]
[129 1]
[129 8]
[13 11]
[13 1]
[13 4]
[13 8]
[130 11]
[130 7]
[130 8]
[131 11]
[131 13]
[131 2]
[131 3]
[131 7]
[131 8]
[131 9]
[132 1]
[132 5]
[132 7]
[132 8]
[132 9]
[133 8]
[133 9]
[134 10]
[134 13]
[134 1]
[134 2]
[134 5]
[134 9]
[135 13]
[135 1]
[135 9]
[136 12]
[136 5]
[137 12]
[137 8]
[137 9]
[138 1]
[138 2]
[138 5]
[138 8]
[139 6]
[139 7]
[139 9]
[14 1]
[14 3]
[14 7]
[14 8]
[140 10]
[140 2]
[140 5]
[140 8]
[140 9]
[141 2]
[141 5]
[141 9]
[142 10]
[142 12]
[142 9]
[143 13]
[143 6]
[144 11]
[144 12]
[144 2]
[145 7]
[146 5]
[147 13]
[147 1]
[147 8]
[148 10]
[148 14]
[148 9]
[149 11]
[149 12]
[149 6]
[15 11]
[15 12]
[150 3]
[150 4]
[150 5]
[150 9]
[151 2]
[151 8]
[151 9]
[152 13]
[152 1]
[152 5]
[152 8]
[153 10]
[153 12]
[153 13]
[153 5]
[153 6]
[153 7]
[153 8]
[154 8]
[155 12]
[156 11]
[156 13]
[156 1]
[156 8]
[156 9]
[157 10]
[157 14]
[157 1]
[158 10]
[158 1]
[158 2]
[158 8]
[158 9]
[159 12]
[159 5]
[159 6]
[159 7]
[16 10]
[16 4]
[160 1]
[160 9]
[161 14]
[161 3]
[161 7]
[161 8]
[162 2]
[162 8]
[163 10]
[163 2]
[163 3]
[163 4]
[163 9]
[164 6]
[164 7]
[165 10]
[165 13]
[166 10]
[166 11]
[166 12]
[166 14]
[166 1]
[166 9]
[167 10]
[167 11]
[167 14]
[167 2]
[167 3]
[168 10]
[168 11]
[168 13]
[168 4]
[168 6]
[168 8]
[169 10]
[169 5]
[169 6]
[169 7]
[169 9]
[17 1]
[170 5]
[170 7]
[170 8]
[171 10]
[171 11]
[171 13]
[171 14]
[171 4]
[171 7]
[171 8]
[171 9]
[173 11]
[175 11]
[175 12]
[175 13]
[175 5]
[175 6]
[176 10]
[176 14]
[177 9]
[178 4]
[179 11]
[18 11]
[18 5]
[18 6]
[18 8]
[180 8]
[181 14]
[182 9]
[183 13]
[183 9]
[184 13]
[184 5]
[184 7]
[184 8]
[184 9]
[185 13]
[185 8]
[185 9]
[186 8]
[187 5]
[188 13]
[188 3]
[188 6]
[188 7]
[189 11]
[189 9]
[19 10]
[19 12]
[19 1]
[19 3]
[19 8]
[19 9]
[190 8]
[191 10]
[191 3]
[191 7]
[192 8]
[192 9]
[193 14]
[194 12]
[194 1]
[194 4]
[195 10]
[195 11]
[195 5]
[196 4]
[196 7]
[197 11]
[197 6]
[197 8]
[198 7]
[2 1]
[2 7]
[2 8]
[20 10]
[20 11]
[20 6]
[200 8]
[21 10]
[21 2]
[21 5]
[21 7]
[22 1]
[22 4]
[22 7]
[22 8]
[23 10]
[23 4]
[23 5]
[23 7]
[23 9]
[24 13]
[24 3]
[24 5]
[24 7]
[24 8]
[24 9]
[25 12]
[25 1]
[25 6]
[25 7]
[25 9]
[26 5]
[26 7]
[26 9]
[27 12]
[27 13]
[27 2]
[28 13]
[28 2]
[28 4]
[28 6]
[29 12]
[29 13]
[29 1]
[29 6]
[29 7]
[3 12]
[3 13]
[3 7]
[3 9]
[30 10]
[30 2]
[30 3]
[30 6]
[30 8]
[30 9]
[31 11]
[31 12]
[31 1]
[31 4]
[31 6]
[31 7]
[32 10]
[32 11]
[32 13]
[32 3]
[33 13]
[33 2]
[33 6]
[33 7]
[33 8]
[34 10]
[34 11]
[34 12]
[34 4]
[34 6]
[34 9]
[35 10]
[35 11]
[35 1]
[35 2]
[35 4]
[35 7]
[36 10]
[37 11]
[37 12]
[37 1]
[37 6]
[37 8]
[37 9]
[38 13]
[38 1]
[38 3]
[38 5]
[38 8]
[39 4]
[39 8]
[4 12]
[4 3]
[4 5]
[4 7]
[4 8]
[40 12]
[40 3]
[40 5]
[40 7]
[40 8]
[41 11]
[41 2]
[41 9]
[42 11]
[42 6]
[42 7]
[42 8]
[43 11]
[43 6]
[43 8]
[44 10]
[44 2]
[44 7]
[44 8]
[44 9]
[45 11]
[45 13]
[45 4]
[45 6]
[45 8]
[45 9]
[46 10]
[46 11]
[46 12]
[46 6]
[46 7]
[46 8]
[46 9]
[47 11]
[47 4]
[47 5]
[47 6]
[47 9]
[48 12]
[48 1]
[48 7]
[48 8]
[48 9]
[49 10]
[49 1]
[49 2]
[49 6]
[49 7]
[49 8]
[49 9]
[5 10]
[5 11]
[5 6]
[5 7]
[50 1]
[50 7]
[50 9]
[51 13]
[51 6]
[51 8]
[51 9]
[52 8]
[53 10]
[54 11]
[54 12]
[54 6]
[55 10]
[55 11]
[55 3]
[55 6]
[55 7]
[55 9]
[56 10]
[56 13]
[56 1]
[56 6]
[56 7]
[56 9]
[57 12]
[57 1]
[57 2]
[57 3]
[57 5]
[57 7]
[58 13]
[58 1]
[58 3]
[58 4]
[58 5]
[58 6]
[59 10]
[59 11]
[59 3]
[59 6]
[59 9]
[6 13]
[6 1]
[6 3]
[6 6]
[6 9]
[60 11]
[60 12]
[60 4]
[60 6]
[60 9]
[61 11]
[61 13]
[61 3]
[61 6]
[61 7]
[61 9]
[62 10]
[62 12]
[62 1]
[63 13]
[63 7]
[63 8]
[64 3]
[64 8]
[65 10]
[65 13]
[65 9]
[66 11]
[66 2]
[66 6]
[66 9]
[67 1]
[67 6]
[67 8]
[67 9]
[68 13]
[68 6]
[68 9]
[69 12]
[69 1]
[69 8]
[69 9]
[7 10]
[7 1]
[7 6]
[7 9]
[70 2]
[70 3]
[70 5]
[70 6]
[70 7]
[70 8]
[70 9]
[71 1]
[71 3]
[71 5]
[71 6]
[71 9]
[72 2]
[72 4]
[72 5]
[72 7]
[72 9]
[73 2]
[73 4]
[73 5]
[73 8]
[74 10]
[74 11]
[74 12]
[74 1]
[74 7]
[74 8]
[75 11]
[75 4]
[75 6]
[75 7]
[76 13]
[76 8]
[77 4]
[77 5]
[77 9]
[78 1]
[78 3]
[78 5]
[78 7]
[78 9]
[79 3]
[79 9]
[8 4]
[8 7]
[80 11]
[80 12]
[80 1]
[80 6]
[80 7]
[81 1]
[81 3]
[81 7]
[81 8]
[82 5]
[82 6]
[82 9]
[83 10]
[83 11]
[83 2]
[83 7]
[83 8]
[83 9]
[84 13]
[84 5]
[84 6]
[84 9]
[85 10]
[85 7]
[85 8]
[85 9]
[86 1]
[86 5]
[86 7]
[86 8]
[86 9]
[87 12]
[87 2]
[87 3]
[88 1]
[88 5]
[88 8]
[88 9]
[89 12]
[89 4]
[89 7]
[89 8]
[9 10]
[9 11]
[9 12]
[9 13]
[9 5]
[9 6]
[90 10]
[90 1]
[91 2]
[91 7]
[92 12]
[92 2]
[92 7]
[92 8]
[92 9]
[93 12]
[93 6]
[93 8]
[94 2]
[94 5]
[94 6]
[94 8]
[94 9]
[95 5]
[95 6]
[95 8]
[96 12]
[96 13]
[96 3]
[97 10]
[97 12]
[97 5]
[97 8]
[98 4]
[98 6]
[98 7]
[98 9]
[99 10]
[99 5]
[99 8]
